[  
   {  
      "name":"A",
      "data":[  
         [  
            1447714223000,
            7.0
         ],
         [  
            1447714224000,
            5.0
         ],
         [  
            1447714225000,
            6.0
         ],
         [  
            1447714226000,
            8.0
         ],
         [  
            1447714227000,
            4.0
         ],
         [  
            1447714228000,
            6.0
         ]
      ]
   },{  
      "name":"B",
     "data":[  
         [  
            1447714223000,
            4.0
         ],
         [  
            1447714224000,
        2.0
         ],
         [  
            1447714225000,
            6.0
         ],
         [  
            1447714226000,
            3.0
         ],
         [  
            1447714227000,
            8.0
         ],
         [  
            1447714228000,
            5.0
         ]
      ]
   }
]